00000000000000000101
00000000001000010101
00000000000011100101
00000000010000010101
00000000000011100101
00000000011000010101
00000000000011100101
00000000100000010101
00000000000011101101
00000000101000010101
00000000000011101101
00000000110100010101
00000000000011101101
00000000111100010101
00000000000011101101
00000001000100010101
00000000000011101101
00000001001000011101
00000000000011101101
00000010101100011101
11110000111100011101
11110000111100011101
11111010111100011101
11111010111100011101
00000000000011010101
00000000001111001101
00000001101110011101
00000000001101000101
00000000001111100101
00000000000010000101
00000000000011100101
00000000000010000101
00000000000011100101
00000000000011100101
00000000000011100101
00000000000011100101
00000000000011100101
00000000000011100101
00000000000011100101
00000000000011100101